0556
0552
0565
0566
0550
0558
0551
0560
0554
0559
0564
0555
0557
0562
0553
0563
0591
0597
0599
0594
0595
0598
0592
0596
0593
0599
0595
0595
0593
0943
0932
0941
0937
0935
0937
0931
0930
0933
0938
0935
0936
0934
0939
0937
020
0768
0769
0757
0762
0752
0750
0668
0753
0763
0754
0660
0751
0755
0662
0759
0758
0760
0756
0663
0766
0757
0757
0661
0779
0773
0778
0772
0771
0777
0774
0775
0770
0851
0858
0855
0859
0854
0852
0856
0857
0853
0312
0317
0314
0310
0318
0316
0335
0311
0315
0319
0313
0372
0392
0391
0378
0379
0377
0375
0398
0370
0373
0376
0374
0371
0394
0396
0395
0393
0391
0391
0459
0451
0468
0459
0467
0454
0453
0452
0469
0455
0458
0456
0453
0451
0457
0454
0577
0571
0574
0573
0575
0578
0572
0579
0576
0580
0570
0574
0578
0579
0579
0579
0875
0878
0872
0881
0871
0874
0877
0870
0873
0876
0879
0691
0692
0888
0886
0887
0883
0915
0917
0916
0919
0913
029
0910
0911
0912
0914
0834
028
0818
0838
0839
0833
0836
0816
0817
0832
0812
0825
0835
0831
0813
0830
0837
0827
0826
0832
0833
0833
0711
0718
0714
0724
027
0715
0710
0713
0712
0717
0719
0716
0728
0722
0713
0728
0722
0736
0731
0735
0745
0734
0743
0738
0739
0732
0737
0730
0733
0744
0743
0746
0519
0517
0518
025
0513
0512
0510
0516
0515
0514
0511
0512
0523
0527
0512
0520
0512
0510
0513
0794
0797
0796
0798
0792
0791
0799
0793
0790
0795
0701
0792
0412
0414
0421
0411
0415
0413
0418
0429
0416
0419
0427
024
0410
0417
0543
0534
0546
0530
0531
0537
0634
0635
0539
0532
0633
0538
0631
0536
0535
0632
0533
0532
0535
0355
0352
0356
0357
0350
0351
0353
0359
0349
0358
0354